g++ -std=c++17 -O2 glad.cpp -o openGLMain main.cpp -lglfw -ldl -lpthread
./openGLMain
0,0,1
(-1.5, -1.5, -0.5) --> 2.39792
(-0.5, -1.5, -0.5) --> 1.93649
(-0.5, -1.5, -1.5) --> 2.39792
(-1.5, -1.5, -1.5) --> 2.78388
(-1.5, -0.5, -0.5) --> 1.93649
(-0.5, -0.5, -0.5) --> 1.32288
(-0.5, -0.5, -1.5) --> 1.93649
(-1.5, -0.5, -1.5) --> 2.39792
(-1, -1, -1) --> 0
(-1.5, -1.5, 0.5) --> 2.39792
(-0.5, -1.5, 0.5) --> 1.93649
(-0.5, -1.5, -0.5) --> 1.93649
(-1.5, -1.5, -0.5) --> 2.39792
(-1.5, -0.5, 0.5) --> 1.93649
(-0.5, -0.5, 0.5) --> 1.32288
(-0.5, -0.5, -0.5) --> 1.32288
(-1.5, -0.5, -0.5) --> 1.93649
(-1, -1, 0) --> 0
(-1.5, -1.5, 1.5) --> 2.78388
(-0.5, -1.5, 1.5) --> 2.39792
(-0.5, -1.5, 0.5) --> 1.93649
(-1.5, -1.5, 0.5) --> 2.39792
(-1.5, -0.5, 1.5) --> 2.39792
(-0.5, -0.5, 1.5) --> 1.93649
(-0.5, -0.5, 0.5) --> 1.32288
(-1.5, -0.5, 0.5) --> 1.93649
(-1, -1, 1) --> 0
(-1.5, -0.5, -0.5) --> 1.93649
(-0.5, -0.5, -0.5) --> 1.32288
(-0.5, -0.5, -1.5) --> 1.93649
(-1.5, -0.5, -1.5) --> 2.39792
(-1.5, 0.5, -0.5) --> 1.93649
(-0.5, 0.5, -0.5) --> 1.32288
(-0.5, 0.5, -1.5) --> 1.93649
(-1.5, 0.5, -1.5) --> 2.39792
(-1, 0, -1) --> 0
(-1.5, -0.5, 0.5) --> 1.93649
(-0.5, -0.5, 0.5) --> 1.32288
(-0.5, -0.5, -0.5) --> 1.32288
(-1.5, -0.5, -0.5) --> 1.93649
(-1.5, 0.5, 0.5) --> 1.93649
(-0.5, 0.5, 0.5) --> 1.32288
(-0.5, 0.5, -0.5) --> 1.32288
(-1.5, 0.5, -0.5) --> 1.93649
(-1, 0, 0) --> 0
(-1.5, -0.5, 1.5) --> 2.39792
(-0.5, -0.5, 1.5) --> 1.93649
(-0.5, -0.5, 0.5) --> 1.32288
(-1.5, -0.5, 0.5) --> 1.93649
(-1.5, 0.5, 1.5) --> 2.39792
(-0.5, 0.5, 1.5) --> 1.93649
(-0.5, 0.5, 0.5) --> 1.32288
(-1.5, 0.5, 0.5) --> 1.93649
(-1, 0, 1) --> 0
(-1.5, 0.5, -0.5) --> 1.93649
(-0.5, 0.5, -0.5) --> 1.32288
(-0.5, 0.5, -1.5) --> 1.93649
(-1.5, 0.5, -1.5) --> 2.39792
(-1.5, 1.5, -0.5) --> 2.39792
(-0.5, 1.5, -0.5) --> 1.93649
(-0.5, 1.5, -1.5) --> 2.39792
(-1.5, 1.5, -1.5) --> 2.78388
(-1, 1, -1) --> 0
(-1.5, 0.5, 0.5) --> 1.93649
(-0.5, 0.5, 0.5) --> 1.32288
(-0.5, 0.5, -0.5) --> 1.32288
(-1.5, 0.5, -0.5) --> 1.93649
(-1.5, 1.5, 0.5) --> 2.39792
(-0.5, 1.5, 0.5) --> 1.93649
(-0.5, 1.5, -0.5) --> 1.93649
(-1.5, 1.5, -0.5) --> 2.39792
(-1, 1, 0) --> 0
(-1.5, 0.5, 1.5) --> 2.39792
(-0.5, 0.5, 1.5) --> 1.93649
(-0.5, 0.5, 0.5) --> 1.32288
(-1.5, 0.5, 0.5) --> 1.93649
(-1.5, 1.5, 1.5) --> 2.78388
(-0.5, 1.5, 1.5) --> 2.39792
(-0.5, 1.5, 0.5) --> 1.93649
(-1.5, 1.5, 0.5) --> 2.39792
(-1, 1, 1) --> 0
(-0.5, -1.5, -0.5) --> 1.93649
(0.5, -1.5, -0.5) --> 1.93649
(0.5, -1.5, -1.5) --> 2.39792
(-0.5, -1.5, -1.5) --> 2.39792
(-0.5, -0.5, -0.5) --> 1.32288
(0.5, -0.5, -0.5) --> 1.32288
(0.5, -0.5, -1.5) --> 1.93649
(-0.5, -0.5, -1.5) --> 1.93649
(0, -1, -1) --> 0
(-0.5, -1.5, 0.5) --> 1.93649
(0.5, -1.5, 0.5) --> 1.93649
(0.5, -1.5, -0.5) --> 1.93649
(-0.5, -1.5, -0.5) --> 1.93649
(-0.5, -0.5, 0.5) --> 1.32288
(0.5, -0.5, 0.5) --> 1.32288
(0.5, -0.5, -0.5) --> 1.32288
(-0.5, -0.5, -0.5) --> 1.32288
(0, -1, 0) --> 0
(-0.5, -1.5, 1.5) --> 2.39792
(0.5, -1.5, 1.5) --> 2.39792
(0.5, -1.5, 0.5) --> 1.93649
(-0.5, -1.5, 0.5) --> 1.93649
(-0.5, -0.5, 1.5) --> 1.93649
(0.5, -0.5, 1.5) --> 1.93649
(0.5, -0.5, 0.5) --> 1.32288
(-0.5, -0.5, 0.5) --> 1.32288
(0, -1, 1) --> 0
(-0.5, -0.5, -0.5) --> 1.32288
(0.5, -0.5, -0.5) --> 1.32288
(0.5, -0.5, -1.5) --> 1.93649
(-0.5, -0.5, -1.5) --> 1.93649
(-0.5, 0.5, -0.5) --> 1.32288
(0.5, 0.5, -0.5) --> 1.32288
(0.5, 0.5, -1.5) --> 1.93649
(-0.5, 0.5, -1.5) --> 1.93649
(0, 0, -1) --> 0
(-0.5, -0.5, 0.5) --> 1.32288
(0.5, -0.5, 0.5) --> 1.32288
(0.5, -0.5, -0.5) --> 1.32288
(-0.5, -0.5, -0.5) --> 1.32288
(-0.5, 0.5, 0.5) --> 1.32288
(0.5, 0.5, 0.5) --> 1.32288
(0.5, 0.5, -0.5) --> 1.32288
(-0.5, 0.5, -0.5) --> 1.32288
(0, 0, 0) --> 0
(-0.5, -0.5, 1.5) --> 1.93649
(0.5, -0.5, 1.5) --> 1.93649
(0.5, -0.5, 0.5) --> 1.32288
(-0.5, -0.5, 0.5) --> 1.32288
(-0.5, 0.5, 1.5) --> 1.93649
(0.5, 0.5, 1.5) --> 1.93649
(0.5, 0.5, 0.5) --> 1.32288
(-0.5, 0.5, 0.5) --> 1.32288
(0, 0, 1) --> 0
(-0.5, 0.5, -0.5) --> 1.32288
(0.5, 0.5, -0.5) --> 1.32288
(0.5, 0.5, -1.5) --> 1.93649
(-0.5, 0.5, -1.5) --> 1.93649
(-0.5, 1.5, -0.5) --> 1.93649
(0.5, 1.5, -0.5) --> 1.93649
(0.5, 1.5, -1.5) --> 2.39792
(-0.5, 1.5, -1.5) --> 2.39792
(0, 1, -1) --> 0
(-0.5, 0.5, 0.5) --> 1.32288
(0.5, 0.5, 0.5) --> 1.32288
(0.5, 0.5, -0.5) --> 1.32288
(-0.5, 0.5, -0.5) --> 1.32288
(-0.5, 1.5, 0.5) --> 1.93649
(0.5, 1.5, 0.5) --> 1.93649
(0.5, 1.5, -0.5) --> 1.93649
(-0.5, 1.5, -0.5) --> 1.93649
(0, 1, 0) --> 0
(-0.5, 0.5, 1.5) --> 1.93649
(0.5, 0.5, 1.5) --> 1.93649
(0.5, 0.5, 0.5) --> 1.32288
(-0.5, 0.5, 0.5) --> 1.32288
(-0.5, 1.5, 1.5) --> 2.39792
(0.5, 1.5, 1.5) --> 2.39792
(0.5, 1.5, 0.5) --> 1.93649
(-0.5, 1.5, 0.5) --> 1.93649
(0, 1, 1) --> 0
(0.5, -1.5, -0.5) --> 1.93649
(1.5, -1.5, -0.5) --> 2.39792
(1.5, -1.5, -1.5) --> 2.78388
(0.5, -1.5, -1.5) --> 2.39792
(0.5, -0.5, -0.5) --> 1.32288
(1.5, -0.5, -0.5) --> 1.93649
(1.5, -0.5, -1.5) --> 2.39792
(0.5, -0.5, -1.5) --> 1.93649
(1, -1, -1) --> 0
(0.5, -1.5, 0.5) --> 1.93649
(1.5, -1.5, 0.5) --> 2.39792
(1.5, -1.5, -0.5) --> 2.39792
(0.5, -1.5, -0.5) --> 1.93649
(0.5, -0.5, 0.5) --> 1.32288
(1.5, -0.5, 0.5) --> 1.93649
(1.5, -0.5, -0.5) --> 1.93649
(0.5, -0.5, -0.5) --> 1.32288
(1, -1, 0) --> 0
(0.5, -1.5, 1.5) --> 2.39792
(1.5, -1.5, 1.5) --> 2.78388
(1.5, -1.5, 0.5) --> 2.39792
(0.5, -1.5, 0.5) --> 1.93649
(0.5, -0.5, 1.5) --> 1.93649
(1.5, -0.5, 1.5) --> 2.39792
(1.5, -0.5, 0.5) --> 1.93649
(0.5, -0.5, 0.5) --> 1.32288
(1, -1, 1) --> 0
(0.5, -0.5, -0.5) --> 1.32288
(1.5, -0.5, -0.5) --> 1.93649
(1.5, -0.5, -1.5) --> 2.39792
(0.5, -0.5, -1.5) --> 1.93649
(0.5, 0.5, -0.5) --> 1.32288
(1.5, 0.5, -0.5) --> 1.93649
(1.5, 0.5, -1.5) --> 2.39792
(0.5, 0.5, -1.5) --> 1.93649
(1, 0, -1) --> 0
(0.5, -0.5, 0.5) --> 1.32288
(1.5, -0.5, 0.5) --> 1.93649
(1.5, -0.5, -0.5) --> 1.93649
(0.5, -0.5, -0.5) --> 1.32288
(0.5, 0.5, 0.5) --> 1.32288
(1.5, 0.5, 0.5) --> 1.93649
(1.5, 0.5, -0.5) --> 1.93649
(0.5, 0.5, -0.5) --> 1.32288
(1, 0, 0) --> 0
(0.5, -0.5, 1.5) --> 1.93649
(1.5, -0.5, 1.5) --> 2.39792
(1.5, -0.5, 0.5) --> 1.93649
(0.5, -0.5, 0.5) --> 1.32288
(0.5, 0.5, 1.5) --> 1.93649
(1.5, 0.5, 1.5) --> 2.39792
(1.5, 0.5, 0.5) --> 1.93649
(0.5, 0.5, 0.5) --> 1.32288
(1, 0, 1) --> 0
(0.5, 0.5, -0.5) --> 1.32288
(1.5, 0.5, -0.5) --> 1.93649
(1.5, 0.5, -1.5) --> 2.39792
(0.5, 0.5, -1.5) --> 1.93649
(0.5, 1.5, -0.5) --> 1.93649
(1.5, 1.5, -0.5) --> 2.39792
(1.5, 1.5, -1.5) --> 2.78388
(0.5, 1.5, -1.5) --> 2.39792
(1, 1, -1) --> 0
(0.5, 0.5, 0.5) --> 1.32288
(1.5, 0.5, 0.5) --> 1.93649
(1.5, 0.5, -0.5) --> 1.93649
(0.5, 0.5, -0.5) --> 1.32288
(0.5, 1.5, 0.5) --> 1.93649
(1.5, 1.5, 0.5) --> 2.39792
(1.5, 1.5, -0.5) --> 2.39792
(0.5, 1.5, -0.5) --> 1.93649
(1, 1, 0) --> 0
(0.5, 0.5, 1.5) --> 1.93649
(1.5, 0.5, 1.5) --> 2.39792
(1.5, 0.5, 0.5) --> 1.93649
(0.5, 0.5, 0.5) --> 1.32288
(0.5, 1.5, 1.5) --> 2.39792
(1.5, 1.5, 1.5) --> 2.78388
(1.5, 1.5, 0.5) --> 2.39792
(0.5, 1.5, 0.5) --> 1.93649
(1, 1, 1) --> 0
